================================================================================
  华中杯 A 题 - 城市绿色物流配送调度 - ALNS迭代日志
================================================================================
生成时间: 2026-04-25 00:57:46
停止轮次: 600
是否收敛: False
严格车队约束: True
================================================================================

【迭代历史】
--------------------------------------------------------------------------------
      迭代 |         最佳成本 |         当前成本 |    车辆数 |       温度 |       破坏算子
--------------------------------------------------------------------------------
       1 |    111872.47 |    111872.47 |    156 |   500.00 |     random
       2 |    107108.33 |    107108.33 |    150 |   496.50 |     random
       3 |    103897.14 |    103897.14 |    146 |   493.02 |     random
       4 |    102623.11 |    102623.11 |    146 |   489.57 |      worst
       5 |    102202.61 |    102202.61 |    146 |   486.15 |     random
       6 |    102202.61 |    102202.61 |    146 |   482.74 |     random
       7 |    101944.26 |    101944.26 |    146 |   479.36 |      worst
       8 |    100977.49 |    100977.49 |    146 |   476.01 |     random
       9 |    100657.53 |    100657.53 |    147 |   472.68 |     random
      10 |    100657.53 |    100657.53 |    147 |   469.37 |      worst
      11 |    100657.53 |    100835.61 |    148 |   466.08 |     random
      12 |    100657.53 |    100835.61 |    148 |   462.82 |     random
      13 |     99346.75 |     99346.75 |    147 |   459.58 |     random
      14 |     99346.75 |     99361.19 |    147 |   456.36 |     random
      15 |     98959.38 |     98959.38 |    146 |   453.17 |      worst
      16 |     97603.25 |     97603.25 |    145 |   450.00 |      worst
      17 |     97603.25 |     97603.25 |    145 |   446.85 |      worst
      18 |     97603.25 |     97603.25 |    145 |   443.72 |     random
      19 |     97397.70 |     97397.70 |    144 |   440.61 |     random
      20 |     97196.18 |     97196.18 |    144 |   437.53 |     random
      21 |     96080.46 |     96080.46 |    145 |   434.47 |     random
      22 |     96080.46 |     96080.46 |    145 |   431.42 |     random
      23 |     96080.46 |     96286.18 |    145 |   428.40 |    related
      24 |     96080.46 |     97094.41 |    145 |   425.41 |     random
      25 |     96080.46 |     97094.41 |    145 |   422.43 |     random
      26 |     96080.46 |     96673.45 |    144 |   419.47 |      worst
      27 |     96080.46 |     96240.33 |    143 |   416.53 |     random
      28 |     96080.46 |     96240.33 |    143 |   413.62 |     random
      29 |     96080.46 |     96146.68 |    143 |   410.72 |    related
      30 |     96080.46 |     96146.68 |    143 |   407.85 |     random
      31 |     96080.46 |     96371.32 |    144 |   404.99 |     random
      32 |     96080.46 |     97536.24 |    146 |   402.16 |     random
      33 |     96080.46 |     97536.24 |    146 |   399.34 |     random
      34 |     96080.46 |     97536.24 |    146 |   396.55 |    related
      35 |     96080.46 |     97203.23 |    145 |   393.77 |     random
      36 |     96080.46 |     97203.23 |    145 |   391.02 |     random
      37 |     96080.46 |     97203.23 |    145 |   388.28 |     random
      38 |     96080.46 |     97171.63 |    146 |   385.56 |      worst
      39 |     96080.46 |     97171.63 |    146 |   382.86 |     random
      40 |     96080.46 |     97158.22 |    146 |   380.18 |    related
      41 |     96080.46 |     97395.03 |    146 |   377.52 |      worst
      42 |     96080.46 |     97627.25 |    146 |   374.88 |    related
      43 |     96080.46 |     97623.69 |    146 |   372.25 |      worst
      44 |     96080.46 |     96623.14 |    146 |   369.65 |      worst
      45 |     96080.46 |     97489.90 |    146 |   367.06 |     random
      46 |     96080.46 |     97102.12 |    145 |   364.49 |     random
      47 |     96080.46 |     97102.12 |    145 |   361.94 |     random
      48 |     96080.46 |     97099.10 |    145 |   359.41 |      worst
      49 |     96080.46 |     96837.40 |    145 |   356.89 |      worst
      50 |     96080.46 |     96837.21 |    145 |   354.39 |      worst
      51 |     96080.46 |     96837.21 |    145 |   351.91 |      worst
      52 |     96080.46 |     96917.95 |    145 |   349.45 |      worst
      53 |     96080.46 |     96917.95 |    145 |   347.00 |     random
      54 |     96080.46 |     96977.98 |    145 |   344.57 |    related
      55 |     96080.46 |     96791.66 |    145 |   342.16 |     random
      56 |     96080.46 |     96791.66 |    145 |   339.77 |    related
      57 |     96080.46 |     96994.26 |    145 |   337.39 |      worst
      58 |     95987.19 |     95987.19 |    145 |   335.02 |      worst
      59 |     95987.19 |     95987.19 |    145 |   332.68 |    related
      60 |     95978.51 |     95978.51 |    145 |   330.35 |      worst
      61 |     95978.51 |     95978.51 |    145 |   328.04 |     random
      62 |     95978.51 |     95978.51 |    145 |   325.74 |     random
      63 |     95978.51 |     95978.52 |    145 |   323.46 |      worst
      64 |     95922.44 |     95922.44 |    145 |   321.20 |      worst
      65 |     95922.44 |     95922.44 |    145 |   318.95 |      worst
      66 |     95775.84 |     95775.84 |    145 |   316.72 |      worst
      67 |     95775.84 |     95775.84 |    145 |   314.50 |     random
      68 |     95749.82 |     95749.82 |    145 |   312.30 |      worst
      69 |     95626.39 |     95626.39 |    145 |   310.11 |      worst
      70 |     95626.39 |     95626.39 |    145 |   307.94 |     random
      71 |     95626.39 |     95626.39 |    145 |   305.79 |      worst
      72 |     95626.39 |     95626.39 |    145 |   303.65 |     random
      73 |     95626.39 |     95831.66 |    145 |   301.52 |      worst
      74 |     95563.17 |     95563.17 |    145 |   299.41 |      worst
      75 |     95563.17 |     95563.17 |    145 |   297.31 |      worst
      76 |     95563.17 |     95563.17 |    145 |   295.23 |      worst
      77 |     95480.02 |     95480.02 |    145 |   293.17 |      worst
      78 |     95480.02 |     95485.77 |    145 |   291.11 |      worst
      79 |     95480.02 |     95480.02 |    145 |   289.08 |      worst
      80 |     95480.02 |     95480.02 |    145 |   287.05 |    related
      81 |     95478.21 |     95478.21 |    145 |   285.04 |      worst
      82 |     95325.42 |     95325.42 |    145 |   283.05 |      worst
      83 |     95325.42 |     95325.42 |    145 |   281.07 |      worst
      84 |     95325.42 |     95325.42 |    145 |   279.10 |      worst
      85 |     95323.48 |     95323.48 |    145 |   277.14 |      worst
      86 |     95323.48 |     95323.48 |    145 |   275.20 |      worst
      87 |     95323.48 |     95323.48 |    145 |   273.28 |     random
      88 |     95323.48 |     95323.48 |    145 |   271.37 |      worst
      89 |     95323.48 |     95323.48 |    145 |   269.47 |      worst
      90 |     95323.48 |     95323.48 |    145 |   267.58 |    related
      91 |     95323.48 |     95323.48 |    145 |   265.71 |      worst
      92 |     95323.48 |     95323.48 |    145 |   263.85 |      worst
      93 |     95323.48 |     95323.48 |    145 |   262.00 |      worst
      94 |     95323.48 |     95323.48 |    145 |   260.17 |      worst
      95 |     95323.48 |     95323.48 |    145 |   258.34 |    related
      96 |     95323.48 |     95323.48 |    145 |   256.54 |     random
      97 |     95162.27 |     95162.27 |    145 |   254.74 |      worst
      98 |     95162.27 |     95162.27 |    145 |   252.96 |      worst
      99 |     95162.27 |     95162.27 |    145 |   251.19 |      worst
     100 |     95055.99 |     95055.99 |    145 |   249.43 |      worst
     101 |     95055.99 |     95055.99 |    145 |   247.68 |      worst
     102 |     95055.99 |     95445.17 |    145 |   245.95 |      worst
     103 |     95055.99 |     95445.17 |    145 |   244.23 |      worst
     104 |     95055.99 |     95445.17 |    145 |   242.52 |      worst
     105 |     95055.99 |     95445.17 |    145 |   240.82 |     random
     106 |     95055.99 |     95445.17 |    145 |   239.13 |    related
     107 |     95055.99 |     95386.57 |    145 |   237.46 |      worst
     108 |     95055.99 |     95386.57 |    145 |   235.80 |      worst
     109 |     95055.99 |     95386.57 |    145 |   234.15 |      worst
     110 |     95055.99 |     95386.57 |    145 |   232.51 |    related
     111 |     95055.99 |     95386.57 |    145 |   230.88 |      worst
     112 |     95055.99 |     95263.75 |    145 |   229.26 |      worst
     113 |     95055.99 |     95263.75 |    145 |   227.66 |      worst
     114 |     95055.99 |     95263.75 |    145 |   226.07 |      worst
     115 |     95055.99 |     95263.75 |    145 |   224.48 |     random
     116 |     95055.99 |     95263.75 |    145 |   222.91 |      worst
     117 |     95055.99 |     95263.75 |    145 |   221.35 |      worst
     118 |     95055.99 |     95178.54 |    145 |   219.80 |      worst
     119 |     95055.99 |     95178.54 |    145 |   218.26 |      worst
     120 |     95055.99 |     95253.00 |    145 |   216.74 |      worst
     121 |     95055.99 |     95253.00 |    145 |   215.22 |      worst
     122 |     95055.99 |     95253.00 |    145 |   213.71 |      worst
     123 |     95055.99 |     95195.79 |    145 |   212.22 |      worst
     124 |     95055.99 |     95195.79 |    145 |   210.73 |      worst
     125 |     95055.99 |     95195.79 |    145 |   209.26 |      worst
     126 |     95055.99 |     95195.79 |    145 |   207.79 |      worst
     127 |     95055.99 |     95195.79 |    145 |   206.34 |     random
     128 |     95055.99 |     95195.79 |    145 |   204.89 |      worst
     129 |     95055.99 |     95655.85 |    145 |   203.46 |      worst
     130 |     95055.99 |     95491.95 |    145 |   202.03 |      worst
     131 |     95055.99 |     95491.95 |    145 |   200.62 |     random
     132 |     95055.99 |     95504.13 |    145 |   199.21 |      worst
     133 |     95055.99 |     95504.13 |    145 |   197.82 |     random
     134 |     95055.99 |     95504.13 |    145 |   196.44 |      worst
     135 |     95055.99 |     95240.65 |    145 |   195.06 |      worst
     136 |     95055.99 |     95240.65 |    145 |   193.70 |    related
     137 |     95055.99 |     95240.65 |    145 |   192.34 |      worst
     138 |     95055.99 |     95240.65 |    145 |   190.99 |      worst
     139 |     95055.99 |     95240.65 |    145 |   189.66 |     random
     140 |     95055.99 |     95240.65 |    145 |   188.33 |     random
     141 |     95055.99 |     95240.65 |    145 |   187.01 |      worst
     142 |     95055.99 |     95240.65 |    145 |   185.70 |      worst
     143 |     95055.99 |     95240.65 |    145 |   184.40 |      worst
     144 |     95055.99 |     95240.65 |    145 |   183.11 |      worst
     145 |     95055.99 |     95240.65 |    145 |   181.83 |      worst
     146 |     94981.24 |     94981.24 |    144 |   180.56 |      worst
     147 |     94981.24 |     94981.24 |    144 |   179.29 |      worst
     148 |     94981.24 |     94981.24 |    144 |   178.04 |      worst
     149 |     94981.24 |     94981.24 |    144 |   176.79 |      worst
     150 |     94981.24 |     94981.24 |    144 |   175.55 |      worst
     151 |     94981.24 |     94981.24 |    144 |   174.32 |      worst
     152 |     94981.24 |     94981.24 |    144 |   173.10 |      worst
     153 |     94981.24 |     94981.24 |    144 |   171.89 |      worst
     154 |     94981.24 |     94981.24 |    144 |   170.69 |      worst
     155 |     94981.24 |     94981.24 |    144 |   169.49 |      worst
     156 |     94981.24 |     94981.24 |    144 |   168.31 |      worst
     157 |     94981.24 |     94981.24 |    144 |   167.13 |      worst
     158 |     94981.24 |     94981.24 |    144 |   165.96 |    related
     159 |     94931.17 |     94931.17 |    144 |   164.80 |      worst
     160 |     94931.17 |     94931.17 |    144 |   163.64 |     random
     161 |     94931.17 |     94931.17 |    144 |   162.50 |      worst
     162 |     94931.17 |     94931.17 |    144 |   161.36 |      worst
     163 |     94931.17 |     94931.17 |    144 |   160.23 |      worst
     164 |     94931.17 |     94931.17 |    144 |   159.11 |      worst
     165 |     94931.17 |     94931.17 |    144 |   158.00 |    related
     166 |     94931.17 |     94931.17 |    144 |   156.89 |      worst
     167 |     94923.35 |     94923.35 |    144 |   155.79 |      worst
     168 |     94923.35 |     94923.35 |    144 |   154.70 |      worst
     169 |     94923.35 |     94923.35 |    144 |   153.62 |     random
     170 |     94923.35 |     94923.35 |    144 |   152.54 |      worst
     171 |     94923.35 |     94923.35 |    144 |   151.48 |      worst
     172 |     94923.35 |     94923.35 |    144 |   150.42 |      worst
     173 |     94923.35 |     94923.35 |    144 |   149.36 |      worst
     174 |     94923.35 |     94923.35 |    144 |   148.32 |     random
     175 |     94923.35 |     94923.35 |    144 |   147.28 |      worst
     176 |     94923.35 |     94923.35 |    144 |   146.25 |      worst
     177 |     94889.88 |     94889.88 |    144 |   145.22 |      worst
     178 |     94889.88 |     94889.88 |    144 |   144.21 |      worst
     179 |     94889.88 |     94889.88 |    144 |   143.20 |      worst
     180 |     94889.88 |     95007.43 |    144 |   142.20 |      worst
     181 |     94889.88 |     95067.20 |    144 |   141.20 |    related
     182 |     94889.88 |     95067.20 |    144 |   140.21 |    related
     183 |     94889.88 |     94997.11 |    144 |   139.23 |      worst
     184 |     94889.88 |     95001.67 |    144 |   138.26 |      worst
     185 |     94889.88 |     95001.67 |    144 |   137.29 |      worst
     186 |     94889.88 |     95001.67 |    144 |   136.33 |     random
     187 |     94867.12 |     94867.12 |    144 |   135.37 |      worst
     188 |     94867.12 |     94867.12 |    144 |   134.42 |    related
     189 |     94867.12 |     94867.12 |    144 |   133.48 |     random
     190 |     94867.12 |     94867.12 |    144 |   132.55 |      worst
     191 |     94867.12 |     94918.37 |    144 |   131.62 |      worst
     192 |     94867.12 |     94878.76 |    144 |   130.70 |      worst
     193 |     94772.23 |     94772.23 |    144 |   129.79 |      worst
     194 |     94772.23 |     94772.23 |    144 |   128.88 |    related
     195 |     94772.23 |     94772.23 |    144 |   127.97 |      worst
     196 |     94772.23 |     94772.23 |    144 |   127.08 |    related
     197 |     94772.23 |     94778.45 |    144 |   126.19 |      worst
     198 |     94663.47 |     94663.47 |    144 |   125.31 |      worst
     199 |     94663.47 |     94663.47 |    144 |   124.43 |     random
     200 |     94580.36 |     94580.36 |    144 |   123.56 |      worst
     201 |     94580.36 |     94580.36 |    144 |   122.69 |      worst
     202 |     94580.36 |     94580.36 |    144 |   121.83 |      worst
     203 |     94580.36 |     94580.36 |    144 |   120.98 |    related
     204 |     94580.36 |     94625.85 |    144 |   120.13 |      worst
     205 |     94580.36 |     94889.27 |    144 |   119.29 |      worst
     206 |     94580.36 |     94889.27 |    144 |   118.46 |    related
     207 |     94580.36 |     94889.27 |    144 |   117.63 |     random
     208 |     94580.36 |     94796.11 |    144 |   116.81 |      worst
     209 |     94580.36 |     94796.11 |    144 |   115.99 |      worst
     210 |     94580.36 |     94760.85 |    144 |   115.18 |      worst
     211 |     94580.36 |     94760.85 |    144 |   114.37 |      worst
     212 |     94580.36 |     94736.26 |    144 |   113.57 |      worst
     213 |     94580.36 |     94736.26 |    144 |   112.77 |      worst
     214 |     94580.36 |     94736.26 |    144 |   111.99 |      worst
     215 |     94580.36 |     94736.26 |    144 |   111.20 |      worst
     216 |     94580.36 |     94736.26 |    144 |   110.42 |      worst
     217 |     94580.36 |     94736.26 |    144 |   109.65 |     random
     218 |     94580.36 |     94736.26 |    144 |   108.88 |     random
     219 |     94580.36 |     94690.59 |    144 |   108.12 |      worst
     220 |     94580.36 |     94690.59 |    144 |   107.36 |      worst
     221 |     94580.36 |     94690.59 |    144 |   106.61 |      worst
     222 |     94580.36 |     94662.46 |    144 |   105.87 |      worst
     223 |     94580.36 |     94662.46 |    144 |   105.12 |      worst
     224 |     94580.36 |     94662.46 |    144 |   104.39 |      worst
     225 |     94580.36 |     94662.46 |    144 |   103.66 |      worst
     226 |     94580.36 |     94671.96 |    144 |   102.93 |      worst
     227 |     94580.36 |     94671.96 |    144 |   102.21 |    related
     228 |     94580.36 |     94650.11 |    144 |   101.50 |      worst
     229 |     94580.36 |     94650.11 |    144 |   100.79 |      worst
     230 |     94563.81 |     94563.81 |    144 |   100.08 |    related
     231 |     94563.81 |     94599.62 |    144 |    99.38 |      worst
     232 |     94563.81 |     94599.62 |    144 |    98.68 |      worst
     233 |     94563.81 |     94599.62 |    144 |    97.99 |     random
     234 |     94563.81 |     94698.24 |    144 |    97.31 |      worst
     235 |     94563.81 |     94698.24 |    144 |    96.63 |      worst
     236 |     94563.81 |     94698.24 |    144 |    95.95 |    related
     237 |     94563.81 |     94698.24 |    144 |    95.28 |      worst
     238 |     94563.81 |     94698.24 |    144 |    94.61 |    related
     239 |     94563.81 |     94698.24 |    144 |    93.95 |      worst
     240 |     94563.81 |     94698.24 |    144 |    93.29 |    related
     241 |     94563.81 |     94646.74 |    144 |    92.64 |      worst
     242 |     94563.81 |     94646.74 |    144 |    91.99 |     random
     243 |     94563.81 |     94646.74 |    144 |    91.35 |      worst
     244 |     94552.03 |     94552.03 |    144 |    90.71 |      worst
     245 |     94516.09 |     94516.09 |    144 |    90.07 |      worst
     246 |     94516.09 |     94516.09 |    144 |    89.44 |      worst
     247 |     94516.09 |     94516.09 |    144 |    88.81 |      worst
     248 |     94516.09 |     94516.09 |    144 |    88.19 |      worst
     249 |     94305.65 |     94305.65 |    144 |    87.58 |      worst
     250 |     94305.65 |     94305.65 |    144 |    86.96 |    related
     251 |     94305.65 |     94305.65 |    144 |    86.35 |      worst
     252 |     94305.65 |     94305.65 |    144 |    85.75 |      worst
     253 |     94305.65 |     94305.65 |    144 |    85.15 |    related
     254 |     94305.65 |     94305.65 |    144 |    84.55 |      worst
     255 |     94305.65 |     94305.65 |    144 |    83.96 |      worst
     256 |     94305.65 |     94305.65 |    144 |    83.37 |      worst
     257 |     94305.65 |     94305.65 |    144 |    82.79 |    related
     258 |     94305.65 |     94305.65 |    144 |    82.21 |      worst
     259 |     94305.65 |     94305.65 |    144 |    81.63 |    related
     260 |     94301.15 |     94301.15 |    144 |    81.06 |      worst
     261 |     94210.05 |     94210.05 |    144 |    80.50 |      worst
     262 |     94202.50 |     94202.50 |    144 |    79.93 |      worst
     263 |     94202.50 |     94202.50 |    144 |    79.37 |      worst
     264 |     94201.65 |     94201.65 |    144 |    78.82 |      worst
     265 |     94201.65 |     94201.65 |    144 |    78.27 |    related
     266 |     94200.82 |     94200.82 |    144 |    77.72 |      worst
     267 |     94200.82 |     94202.49 |    144 |    77.17 |      worst
     268 |     94149.71 |     94149.71 |    144 |    76.63 |      worst
     269 |     94149.71 |     94149.71 |    144 |    76.10 |      worst
     270 |     94149.71 |     94149.71 |    144 |    75.56 |      worst
     271 |     94149.71 |     94149.71 |    144 |    75.04 |      worst
     272 |     94149.71 |     94166.52 |    144 |    74.51 |      worst
     273 |     94149.71 |     94166.52 |    144 |    73.99 |      worst
     274 |     94149.71 |     94166.52 |    144 |    73.47 |      worst
     275 |     94149.71 |     94166.52 |    144 |    72.96 |      worst
     276 |     94149.71 |     94166.52 |    144 |    72.45 |      worst
     277 |     94149.71 |     94166.52 |    144 |    71.94 |      worst
     278 |     94149.71 |     94166.52 |    144 |    71.44 |    related
     279 |     94149.71 |     94166.52 |    144 |    70.94 |      worst
     280 |     94149.71 |     94166.52 |    144 |    70.44 |      worst
     281 |     94149.71 |     94166.52 |    144 |    69.95 |      worst
     282 |     94149.71 |     94166.52 |    144 |    69.46 |    related
     283 |     94149.71 |     94166.52 |    144 |    68.97 |      worst
     284 |     94149.71 |     94214.26 |    144 |    68.49 |      worst
     285 |     94149.71 |     94216.81 |    144 |    68.01 |      worst
     286 |     94071.30 |     94071.30 |    144 |    67.53 |      worst
     287 |     94071.30 |     94126.68 |    144 |    67.06 |      worst
     288 |     94071.30 |     94126.68 |    144 |    66.59 |      worst
     289 |     94071.30 |     94146.56 |    144 |    66.12 |      worst
     290 |     94071.30 |     94146.56 |    144 |    65.66 |      worst
     291 |     94071.30 |     94071.30 |    144 |    65.20 |      worst
     292 |     94071.30 |     94071.30 |    144 |    64.74 |      worst
     293 |     94071.30 |     94071.30 |    144 |    64.29 |      worst
     294 |     94071.30 |     94071.30 |    144 |    63.84 |      worst
     295 |     94071.30 |     94071.30 |    144 |    63.39 |      worst
     296 |     94071.30 |     94071.30 |    144 |    62.95 |      worst
     297 |     94071.30 |     94071.30 |    144 |    62.51 |      worst
     298 |     94071.30 |     94071.30 |    144 |    62.07 |      worst
     299 |     94071.30 |     94071.30 |    144 |    61.64 |    related
     300 |     94071.30 |     94126.67 |    144 |    61.21 |      worst
     301 |     94071.30 |     94154.20 |    144 |    60.78 |      worst
     302 |     94071.30 |     94108.74 |    144 |    60.35 |      worst
     303 |     94071.30 |     94108.74 |    144 |    59.93 |     random
     304 |     94071.30 |     94171.33 |    144 |    59.51 |      worst
     305 |     94071.30 |     94171.33 |    144 |    59.09 |     random
     306 |     94071.30 |     94096.89 |    144 |    58.68 |      worst
     307 |     94071.30 |     94138.11 |    144 |    58.27 |      worst
     308 |     94056.06 |     94056.06 |    144 |    57.86 |    related
     309 |     94056.06 |     94056.06 |    144 |    57.46 |    related
     310 |     94056.06 |     94056.06 |    144 |    57.05 |      worst
     311 |     94056.06 |     94056.06 |    144 |    56.65 |      worst
     312 |     94056.06 |     94056.06 |    144 |    56.26 |     random
     313 |     94056.06 |     94056.06 |    144 |    55.86 |      worst
     314 |     94056.06 |     94079.67 |    144 |    55.47 |      worst
     315 |     94056.06 |     94153.77 |    144 |    55.09 |      worst
     316 |     94056.06 |     94153.77 |    144 |    54.70 |    related
     317 |     94056.06 |     94153.77 |    144 |    54.32 |      worst
     318 |     94056.06 |     94067.41 |    144 |    53.94 |      worst
     319 |     94056.06 |     94076.84 |    144 |    53.56 |      worst
     320 |     94056.06 |     94076.84 |    144 |    53.18 |      worst
     321 |     94056.06 |     94079.34 |    144 |    52.81 |      worst
     322 |     94056.06 |     94079.34 |    144 |    52.44 |      worst
     323 |     94056.06 |     94079.34 |    144 |    52.07 |     random
     324 |     94056.06 |     94079.56 |    144 |    51.71 |      worst
     325 |     94056.06 |     94077.67 |    144 |    51.35 |      worst
     326 |     94056.06 |     94077.67 |    144 |    50.99 |      worst
     327 |     94046.88 |     94046.88 |    144 |    50.63 |      worst
     328 |     94046.88 |     94054.67 |    144 |    50.28 |      worst
     329 |     94046.88 |     94128.73 |    144 |    49.93 |      worst
     330 |     94046.88 |     94128.73 |    144 |    49.58 |    related
     331 |     94046.88 |     94128.73 |    144 |    49.23 |    related
     332 |     94046.88 |     94128.73 |    144 |    48.88 |    related
     333 |     94046.88 |     94128.73 |    144 |    48.54 |      worst
     334 |     94046.88 |     94049.54 |    144 |    48.20 |      worst
     335 |     94046.88 |     94049.54 |    144 |    47.87 |    related
     336 |     94046.88 |     94049.54 |    144 |    47.53 |      worst
     337 |     94046.88 |     94049.54 |    144 |    47.20 |    related
     338 |     94046.88 |     94049.54 |    144 |    46.87 |      worst
     339 |     93994.91 |     93994.91 |    144 |    46.54 |      worst
     340 |     93994.91 |     93994.91 |    144 |    46.21 |    related
     341 |     93994.91 |     93994.91 |    144 |    45.89 |     random
     342 |     93994.91 |     93994.91 |    144 |    45.57 |      worst
     343 |     93994.91 |     93994.91 |    144 |    45.25 |      worst
     344 |     93994.91 |     93994.91 |    144 |    44.93 |    related
     345 |     93994.91 |     93994.91 |    144 |    44.62 |    related
     346 |     93994.91 |     93994.91 |    144 |    44.31 |      worst
     347 |     93994.91 |     93994.91 |    144 |    44.00 |      worst
     348 |     93994.91 |     93994.91 |    144 |    43.69 |      worst
     349 |     93994.91 |     93994.91 |    144 |    43.38 |      worst
     350 |     93994.91 |     93994.91 |    144 |    43.08 |    related
     351 |     93994.91 |     93994.91 |    144 |    42.78 |      worst
     352 |     93994.91 |     94042.81 |    144 |    42.48 |      worst
     353 |     93994.91 |     94042.81 |    144 |    42.18 |      worst
     354 |     93994.91 |     94042.81 |    144 |    41.88 |    related
     355 |     93994.91 |     94042.81 |    144 |    41.59 |      worst
     356 |     93994.91 |     93994.91 |    144 |    41.30 |      worst
     357 |     93994.91 |     93994.91 |    144 |    41.01 |    related
     358 |     93994.91 |     93994.91 |    144 |    40.72 |    related
     359 |     93994.91 |     93994.91 |    144 |    40.44 |      worst
     360 |     93994.91 |     93994.91 |    144 |    40.16 |      worst
     361 |     93994.91 |     93994.91 |    144 |    39.87 |      worst
     362 |     93994.91 |     93994.91 |    144 |    39.60 |      worst
     363 |     93994.91 |     93994.91 |    144 |    39.32 |      worst
     364 |     93994.91 |     93994.91 |    144 |    39.04 |      worst
     365 |     93994.91 |     93994.91 |    144 |    38.77 |      worst
     366 |     93994.91 |     93994.91 |    144 |    38.50 |      worst
     367 |     93994.91 |     93994.91 |    144 |    38.23 |    related
     368 |     93994.91 |     93994.91 |    144 |    37.96 |      worst
     369 |     93994.91 |     93994.91 |    144 |    37.70 |      worst
     370 |     93994.91 |     93994.91 |    144 |    37.43 |      worst
     371 |     93994.91 |     93994.91 |    144 |    37.17 |      worst
     372 |     93994.91 |     93994.91 |    144 |    36.91 |      worst
     373 |     93994.91 |     93994.91 |    144 |    36.65 |    related
     374 |     93994.91 |     93994.91 |    144 |    36.39 |      worst
     375 |     93994.91 |     93994.91 |    144 |    36.14 |     random
     376 |     93994.91 |     93994.91 |    144 |    35.89 |      worst
     377 |     93994.91 |     93994.91 |    144 |    35.64 |      worst
     378 |     93994.91 |     93994.91 |    144 |    35.39 |    related
     379 |     93994.91 |     93994.91 |    144 |    35.14 |      worst
     380 |     93994.91 |     93994.91 |    144 |    34.89 |      worst
     381 |     93994.91 |     93994.91 |    144 |    34.65 |    related
     382 |     93994.91 |     93994.90 |    144 |    34.41 |      worst
     383 |     93994.91 |     93994.90 |    144 |    34.17 |    related
     384 |     93994.91 |     93994.90 |    144 |    33.93 |      worst
     385 |     93994.91 |     93994.91 |    144 |    33.69 |      worst
     386 |     93994.91 |     93994.91 |    144 |    33.45 |      worst
     387 |     93994.91 |     93994.91 |    144 |    33.22 |      worst
     388 |     93994.91 |     93994.91 |    144 |    32.99 |      worst
     389 |     93994.91 |     93994.91 |    144 |    32.76 |      worst
     390 |     93994.91 |     93994.91 |    144 |    32.53 |      worst
     391 |     93994.91 |     93994.91 |    144 |    32.30 |      worst
     392 |     93994.91 |     93994.91 |    144 |    32.07 |      worst
     393 |     93994.91 |     93994.91 |    144 |    31.85 |    related
     394 |     93994.91 |     93994.91 |    144 |    31.62 |      worst
     395 |     93994.91 |     93994.91 |    144 |    31.40 |      worst
     396 |     93994.91 |     93994.91 |    144 |    31.18 |      worst
     397 |     93994.91 |     93994.91 |    144 |    30.97 |      worst
     398 |     93994.91 |     93994.91 |    144 |    30.75 |    related
     399 |     93994.91 |     93994.91 |    144 |    30.53 |     random
     400 |     93994.91 |     93994.91 |    144 |    30.32 |      worst
     401 |     93994.91 |     93994.91 |    144 |    30.11 |    related
     402 |     93994.91 |     93994.91 |    144 |    29.90 |      worst
     403 |     93994.91 |     93994.91 |    144 |    29.69 |     random
     404 |     93994.91 |     93994.91 |    144 |    29.48 |    related
     405 |     93994.91 |     93994.91 |    144 |    29.27 |      worst
     406 |     93994.91 |     93994.91 |    144 |    29.07 |     random
     407 |     93994.91 |     93994.91 |    144 |    28.86 |    related
     408 |     93994.91 |     93994.91 |    144 |    28.66 |      worst
     409 |     93994.91 |     93994.91 |    144 |    28.46 |      worst
     410 |     93994.91 |     93994.91 |    144 |    28.26 |     random
     411 |     93994.91 |     93994.91 |    144 |    28.06 |    related
     412 |     93994.91 |     93998.14 |    144 |    27.87 |      worst
     413 |     93994.91 |     93998.14 |    144 |    27.67 |     random
     414 |     93994.91 |     93998.14 |    144 |    27.48 |      worst
     415 |     93994.91 |     93998.14 |    144 |    27.29 |      worst
     416 |     93994.91 |     93998.14 |    144 |    27.10 |     random
     417 |     93994.91 |     93998.14 |    144 |    26.91 |      worst
     418 |     93994.91 |     93998.14 |    144 |    26.72 |      worst
     419 |     93994.91 |     94023.12 |    144 |    26.53 |      worst
     420 |     93994.91 |     94023.12 |    144 |    26.35 |      worst
     421 |     93994.91 |     94023.12 |    144 |    26.16 |      worst
     422 |     93994.91 |     94023.12 |    144 |    25.98 |      worst
     423 |     93994.91 |     94023.12 |    144 |    25.80 |      worst
     424 |     93994.91 |     94023.12 |    144 |    25.62 |     random
     425 |     93994.91 |     94023.12 |    144 |    25.44 |      worst
     426 |     93994.91 |     94023.12 |    144 |    25.26 |      worst
     427 |     93994.91 |     94023.12 |    144 |    25.08 |    related
     428 |     93994.91 |     94023.12 |    144 |    24.91 |      worst
     429 |     93994.91 |     94023.12 |    144 |    24.73 |     random
     430 |     93994.91 |     94023.12 |    144 |    24.56 |      worst
     431 |     93994.91 |     94023.12 |    144 |    24.39 |     random
     432 |     93994.91 |     94023.12 |    144 |    24.22 |      worst
     433 |     93994.91 |     94023.12 |    144 |    24.05 |      worst
     434 |     93994.91 |     94023.12 |    144 |    23.88 |      worst
     435 |     93994.91 |     94023.12 |    144 |    23.71 |    related
     436 |     93994.91 |     94023.12 |    144 |    23.54 |      worst
     437 |     93994.91 |     94023.12 |    144 |    23.38 |      worst
     438 |     93994.91 |     94023.12 |    144 |    23.22 |      worst
     439 |     93994.91 |     94023.12 |    144 |    23.05 |    related
     440 |     93994.91 |     94023.12 |    144 |    22.89 |    related
     441 |     93994.91 |     94023.12 |    144 |    22.73 |    related
     442 |     93994.91 |     94047.08 |    144 |    22.57 |      worst
     443 |     93994.91 |     94047.08 |    144 |    22.41 |      worst
     444 |     93994.91 |     94030.66 |    144 |    22.26 |      worst
     445 |     93994.91 |     94025.81 |    144 |    22.10 |      worst
     446 |     93994.91 |     94027.55 |    144 |    21.95 |      worst
     447 |     93994.91 |     94040.83 |    144 |    21.79 |      worst
     448 |     93994.91 |     94025.80 |    144 |    21.64 |      worst
     449 |     93994.91 |     94072.38 |    144 |    21.49 |      worst
     450 |     93994.91 |     94075.57 |    144 |    21.34 |      worst
     451 |     93994.91 |     94075.57 |    144 |    21.19 |      worst
     452 |     93994.91 |     94016.39 |    144 |    21.04 |      worst
     453 |     93994.91 |     94013.85 |    144 |    20.89 |      worst
     454 |     93994.91 |     94016.40 |    144 |    20.75 |      worst
     455 |     93994.91 |     94014.70 |    144 |    20.60 |      worst
     456 |     93994.91 |     94014.70 |    144 |    20.46 |      worst
     457 |     93994.91 |     94016.39 |    144 |    20.32 |      worst
     458 |     93994.91 |     94016.39 |    144 |    20.17 |      worst
     459 |     93994.91 |     94016.39 |    144 |    20.03 |      worst
     460 |     93994.91 |     94048.51 |    144 |    19.89 |      worst
     461 |     93994.91 |     94048.51 |    144 |    19.75 |      worst
     462 |     93994.91 |     94048.51 |    144 |    19.61 |      worst
     463 |     93994.91 |     94048.51 |    144 |    19.48 |      worst
     464 |     93994.91 |     94048.51 |    144 |    19.34 |      worst
     465 |     93994.91 |     94048.51 |    144 |    19.21 |      worst
     466 |     93994.91 |     94025.48 |    144 |    19.07 |      worst
     467 |     93994.91 |     94029.71 |    144 |    18.94 |      worst
     468 |     93747.15 |     93747.15 |    144 |    18.80 |      worst
     469 |     93747.15 |     93747.15 |    144 |    18.67 |    related
     470 |     93747.15 |     93747.15 |    144 |    18.54 |      worst
     471 |     93747.15 |     93747.15 |    144 |    18.41 |      worst
     472 |     93747.15 |     93747.15 |    144 |    18.28 |      worst
     473 |     93747.15 |     93747.15 |    144 |    18.16 |      worst
     474 |     93747.15 |     93747.15 |    144 |    18.03 |      worst
     475 |     93747.15 |     93750.54 |    144 |    17.90 |      worst
     476 |     93747.15 |     93750.54 |    144 |    17.78 |      worst
     477 |     93747.15 |     93748.85 |    144 |    17.65 |      worst
     478 |     93747.15 |     93748.85 |    144 |    17.53 |      worst
     479 |     93747.15 |     93748.85 |    144 |    17.41 |      worst
     480 |     93747.15 |     93756.53 |    144 |    17.28 |      worst
     481 |     93747.15 |     93756.53 |    144 |    17.16 |      worst
     482 |     93747.15 |     93756.53 |    144 |    17.04 |      worst
     483 |     93747.15 |     93756.53 |    144 |    16.92 |      worst
     484 |     93747.15 |     93755.09 |    144 |    16.81 |      worst
     485 |     93747.15 |     93755.09 |    144 |    16.69 |      worst
     486 |     93747.15 |     93755.09 |    144 |    16.57 |    related
     487 |     93747.15 |     93755.09 |    144 |    16.46 |    related
     488 |     93747.15 |     93755.09 |    144 |    16.34 |      worst
     489 |     93747.15 |     93756.42 |    144 |    16.23 |      worst
     490 |     93746.59 |     93746.59 |    144 |    16.11 |      worst
     491 |     93746.59 |     93746.59 |    144 |    16.00 |      worst
     492 |     93746.59 |     93746.59 |    144 |    15.89 |      worst
     493 |     93746.59 |     93746.59 |    144 |    15.78 |      worst
     494 |     93746.59 |     93774.70 |    144 |    15.67 |      worst
     495 |     93746.59 |     93769.47 |    144 |    15.56 |      worst
     496 |     93746.59 |     93769.47 |    144 |    15.45 |      worst
     497 |     93746.59 |     93769.47 |    144 |    15.34 |      worst
     498 |     93746.59 |     93769.47 |    144 |    15.23 |      worst
     499 |     93746.59 |     93762.15 |    144 |    15.13 |      worst
     500 |     93741.53 |     93741.53 |    144 |    15.02 |      worst
     501 |     93741.53 |     93741.53 |    144 |    14.91 |    related
     502 |     93741.53 |     93741.53 |    144 |    14.81 |      worst
     503 |     93741.53 |     93741.53 |    144 |    14.71 |      worst
     504 |     93741.53 |     93741.53 |    144 |    14.60 |      worst
     505 |     93741.53 |     93741.53 |    144 |    14.50 |      worst
     506 |     93741.53 |     93741.53 |    144 |    14.40 |      worst
     507 |     93741.53 |     93744.67 |    144 |    14.30 |      worst
     508 |     93741.53 |     93744.67 |    144 |    14.20 |      worst
     509 |     93741.53 |     93744.67 |    144 |    14.10 |      worst
     510 |     93741.53 |     93744.67 |    144 |    14.00 |      worst
     511 |     93741.53 |     93744.67 |    144 |    13.90 |      worst
     512 |     93741.53 |     93744.67 |    144 |    13.80 |      worst
     513 |     93741.53 |     93744.67 |    144 |    13.71 |      worst
     514 |     93741.53 |     93744.67 |    144 |    13.61 |      worst
     515 |     93741.53 |     93744.67 |    144 |    13.52 |      worst
     516 |     93741.53 |     93744.67 |    144 |    13.42 |      worst
     517 |     93741.53 |     93742.34 |    144 |    13.33 |      worst
     518 |     93741.53 |     93742.34 |    144 |    13.24 |      worst
     519 |     93741.53 |     93742.34 |    144 |    13.14 |      worst
     520 |     93741.53 |     93742.34 |    144 |    13.05 |      worst
     521 |     93741.53 |     93742.34 |    144 |    12.96 |      worst
     522 |     93741.53 |     93742.34 |    144 |    12.87 |      worst
     523 |     93741.53 |     93742.34 |    144 |    12.78 |      worst
     524 |     93741.53 |     93742.34 |    144 |    12.69 |      worst
     525 |     93741.53 |     93742.34 |    144 |    12.60 |      worst
     526 |     93741.53 |     93742.34 |    144 |    12.51 |      worst
     527 |     93741.53 |     93741.81 |    144 |    12.42 |      worst
     528 |     93741.53 |     93741.81 |    144 |    12.34 |      worst
     529 |     93741.53 |     93741.81 |    144 |    12.25 |      worst
     530 |     93741.53 |     93741.81 |    144 |    12.17 |      worst
     531 |     93741.53 |     93744.72 |    144 |    12.08 |      worst
     532 |     93721.81 |     93721.81 |    144 |    12.00 |      worst
     533 |     93721.81 |     93728.75 |    144 |    11.91 |      worst
     534 |     93721.81 |     93728.75 |    144 |    11.83 |      worst
     535 |     93721.81 |     93728.75 |    144 |    11.75 |      worst
     536 |     93709.96 |     93709.96 |    144 |    11.66 |      worst
     537 |     93709.96 |     93709.96 |    144 |    11.58 |      worst
     538 |     93709.96 |     93723.61 |    144 |    11.50 |      worst
     539 |     93709.96 |     93723.61 |    144 |    11.42 |      worst
     540 |     93699.53 |     93699.53 |    144 |    11.34 |      worst
     541 |     93699.53 |     93699.53 |    144 |    11.26 |      worst
     542 |     93699.53 |     93699.53 |    144 |    11.18 |      worst
     543 |     93699.53 |     93699.53 |    144 |    11.10 |      worst
     544 |     93699.53 |     93699.54 |    144 |    11.03 |      worst
     545 |     93699.53 |     93699.54 |    144 |    10.95 |      worst
     546 |     93699.53 |     93699.53 |    144 |    10.87 |      worst
     547 |     93699.53 |     93699.53 |    144 |    10.80 |      worst
     548 |     93699.53 |     93699.53 |    144 |    10.72 |      worst
     549 |     93699.53 |     93699.54 |    144 |    10.65 |      worst
     550 |     93699.53 |     93699.54 |    144 |    10.57 |      worst
     551 |     93699.53 |     93699.54 |    144 |    10.50 |      worst
     552 |     93699.53 |     93705.78 |    144 |    10.42 |      worst
     553 |     93699.53 |     93704.09 |    144 |    10.35 |      worst
     554 |     93699.53 |     93704.09 |    144 |    10.28 |      worst
     555 |     93699.53 |     93704.09 |    144 |    10.21 |      worst
     556 |     93699.53 |     93704.09 |    144 |    10.13 |      worst
     557 |     93699.53 |     93704.09 |    144 |    10.06 |      worst
     558 |     93699.53 |     93704.09 |    144 |     9.99 |      worst
     559 |     93699.53 |     93704.09 |    144 |     9.92 |      worst
     560 |     93699.53 |     93704.09 |    144 |     9.85 |     random
     561 |     93699.53 |     93704.09 |    144 |     9.78 |      worst
     562 |     93699.53 |     93705.78 |    144 |     9.72 |      worst
     563 |     93699.53 |     93699.54 |    144 |     9.65 |      worst
     564 |     93699.53 |     93699.54 |    144 |     9.58 |      worst
     565 |     93697.02 |     93697.02 |    144 |     9.51 |      worst
     566 |     93697.02 |     93697.02 |    144 |     9.45 |      worst
     567 |     93697.02 |     93699.97 |    144 |     9.38 |      worst
     568 |     93697.02 |     93699.97 |    144 |     9.32 |      worst
     569 |     93697.02 |     93699.97 |    144 |     9.25 |      worst
     570 |     93697.02 |     93699.97 |    144 |     9.19 |      worst
     571 |     93697.02 |     93699.97 |    144 |     9.12 |      worst
     572 |     93697.02 |     93699.97 |    144 |     9.06 |      worst
     573 |     93697.02 |     93699.97 |    144 |     8.99 |      worst
     574 |     93697.02 |     93697.96 |    144 |     8.93 |      worst
     575 |     93697.02 |     93697.96 |    144 |     8.87 |      worst
     576 |     93697.02 |     93697.96 |    144 |     8.81 |      worst
     577 |     93697.02 |     93697.96 |    144 |     8.74 |      worst
     578 |     93697.02 |     93698.81 |    144 |     8.68 |      worst
     579 |     93697.02 |     93704.90 |    144 |     8.62 |      worst
     580 |     93697.02 |     93704.90 |    144 |     8.56 |      worst
     581 |     93697.02 |     93704.90 |    144 |     8.50 |      worst
     582 |     93697.02 |     93704.90 |    144 |     8.44 |      worst
     583 |     93697.02 |     93704.90 |    144 |     8.38 |    related
     584 |     93697.02 |     93704.90 |    144 |     8.32 |      worst
     585 |     93697.02 |     93704.90 |    144 |     8.27 |      worst
     586 |     93697.02 |     93704.90 |    144 |     8.21 |      worst
     587 |     93692.01 |     93692.01 |    144 |     8.15 |      worst
     588 |     93692.01 |     93692.01 |    144 |     8.09 |      worst
     589 |     93692.01 |     93692.01 |    144 |     8.04 |      worst
     590 |     93692.01 |     93692.01 |    144 |     7.98 |      worst
     591 |     93692.01 |     93692.01 |    144 |     7.93 |      worst
     592 |     93692.01 |     93692.01 |    144 |     7.87 |     random
     593 |     93692.01 |     93692.01 |    144 |     7.81 |      worst
     594 |     93692.01 |     93701.71 |    144 |     7.76 |      worst
     595 |     93692.01 |     93701.71 |    144 |     7.71 |      worst
     596 |     93692.01 |     93701.71 |    144 |     7.65 |      worst
     597 |     93692.01 |     93701.71 |    144 |     7.60 |      worst
     598 |     93692.01 |     93701.71 |    144 |     7.55 |      worst
     599 |     93692.01 |     93698.80 |    144 |     7.49 |      worst
     600 |     93692.01 |     93698.80 |    144 |     7.44 |      worst

================================================================================
【最终调度方案】
================================================================================

车辆 1 (E1):
  路径: [0, 187, 322, 318, 93, 0]
  出发时间: 95.0 分钟
  能耗成本: 118.89 元
  碳排放成本: 23.61 元
  时间窗惩罚: 44.14 元

车辆 2 (E1):
  路径: [0, 127, 205, 208, 203, 0]
  出发时间: 540.0 分钟
  能耗成本: 92.72 元
  碳排放成本: 18.41 元
  时间窗惩罚: 35.56 元

车辆 3 (E1):
  路径: [0, 152, 348, 349, 345, 0]
  出发时间: 390.0 分钟
  能耗成本: 120.00 元
  碳排放成本: 23.83 元
  时间窗惩罚: 0.00 元

车辆 4 (E1):
  路径: [0, 85, 343, 167, 0]
  出发时间: 80.0 分钟
  能耗成本: 77.28 元
  碳排放成本: 15.34 元
  时间窗惩罚: 0.00 元

车辆 5 (E1):
  路径: [0, 170, 319, 337, 0]
  出发时间: 80.0 分钟
  能耗成本: 125.49 元
  碳排放成本: 24.92 元
  时间窗惩罚: 14.28 元

车辆 6 (E1):
  路径: [0, 80, 314, 315, 0]
  出发时间: 520.0 分钟
  能耗成本: 92.39 元
  碳排放成本: 18.35 元
  时间窗惩罚: 0.00 元

车辆 7 (E1):
  路径: [0, 89, 227, 228, 0]
  出发时间: 405.0 分钟
  能耗成本: 144.72 元
  碳排放成本: 28.74 元
  时间窗惩罚: 0.00 元

车辆 8 (E1):
  路径: [0, 37, 317, 133, 98, 206, 0]
  出发时间: 80.0 分钟
  能耗成本: 218.52 元
  碳排放成本: 43.39 元
  时间窗惩罚: 54.90 元

车辆 9 (O1):
  路径: [0, 254, 252, 253, 0]
  出发时间: 315.0 分钟
  能耗成本: 273.50 元
  碳排放成本: 59.50 元
  时间窗惩罚: 0.00 元

车辆 10 (O1):
  路径: [0, 104, 183, 184, 0]
  出发时间: 165.0 分钟
  能耗成本: 264.11 元
  碳排放成本: 57.46 元
  时间窗惩罚: 37.15 元

车辆 11 (O1):
  路径: [0, 304, 149, 150, 94, 0]
  出发时间: 45.0 分钟
  能耗成本: 335.46 元
  碳排放成本: 72.98 元
  时间窗惩罚: 13.28 元

车辆 12 (O1):
  路径: [0, 185, 32, 335, 0]
  出发时间: 110.0 分钟
  能耗成本: 372.31 元
  碳排放成本: 81.00 元
  时间窗惩罚: 18.52 元

车辆 13 (O1):
  路径: [0, 276, 281, 0]
  出发时间: 540.0 分钟
  能耗成本: 219.33 元
  碳排放成本: 47.72 元
  时间窗惩罚: 25.99 元

车辆 14 (O1):
  路径: [0, 115, 114, 0]
  出发时间: 150.0 分钟
  能耗成本: 154.05 元
  碳排放成本: 33.51 元
  时间窗惩罚: 0.00 元

车辆 15 (O1):
  路径: [0, 247, 246, 0]
  出发时间: 365.0 分钟
  能耗成本: 136.58 元
  碳排放成本: 29.71 元
  时间窗惩罚: 0.09 元

车辆 16 (O1):
  路径: [0, 262, 255, 257, 0]
  出发时间: 85.0 分钟
  能耗成本: 376.46 元
  碳排放成本: 81.90 元
  时间窗惩罚: 0.00 元

车辆 17 (O1):
  路径: [0, 86, 346, 347, 97, 211, 0]
  出发时间: 115.0 分钟
  能耗成本: 349.07 元
  碳排放成本: 75.94 元
  时间窗惩罚: 64.95 元

车辆 18 (O1):
  路径: [0, 275, 245, 243, 0]
  出发时间: 205.0 分钟
  能耗成本: 382.18 元
  碳排放成本: 83.14 元
  时间窗惩罚: 0.00 元

车辆 19 (O1):
  路径: [0, 179, 142, 141, 0]
  出发时间: 540.0 分钟
  能耗成本: 273.95 元
  碳排放成本: 59.60 元
  时间窗惩罚: 20.60 元

车辆 20 (O1):
  路径: [0, 311, 310, 0]
  出发时间: 540.0 分钟
  能耗成本: 228.36 元
  碳排放成本: 49.68 元
  时间窗惩罚: 11.93 元

车辆 21 (O1):
  路径: [0, 260, 256, 90, 0]
  出发时间: 95.0 分钟
  能耗成本: 369.28 元
  碳排放成本: 80.34 元
  时间窗惩罚: 16.22 元

车辆 22 (O1):
  路径: [0, 249, 250, 0]
  出发时间: 365.0 分钟
  能耗成本: 136.58 元
  碳排放成本: 29.71 元
  时间窗惩罚: 0.09 元

车辆 23 (O1):
  路径: [0, 2, 137, 138, 34, 0]
  出发时间: 540.0 分钟
  能耗成本: 321.31 元
  碳排放成本: 69.90 元
  时间窗惩罚: 3.84 元

车辆 24 (O1):
  路径: [0, 298, 242, 240, 0]
  出发时间: 320.0 分钟
  能耗成本: 320.27 元
  碳排放成本: 69.67 元
  时间窗惩罚: 0.00 元

车辆 25 (O1):
  路径: [0, 13, 3, 95, 226, 139, 0]
  出发时间: 175.0 分钟
  能耗成本: 425.10 元
  碳排放成本: 92.48 元
  时间窗惩罚: 42.67 元

车辆 26 (O1):
  路径: [0, 91, 338, 339, 341, 100, 0]
  出发时间: 535.0 分钟
  能耗成本: 364.31 元
  碳排放成本: 79.26 元
  时间窗惩罚: 15.60 元

车辆 27 (O1):
  路径: [0, 217, 215, 216, 136, 0]
  出发时间: 330.0 分钟
  能耗成本: 388.83 元
  碳排放成本: 84.59 元
  时间窗惩罚: 0.00 元

车辆 28 (O1):
  路径: [0, 238, 232, 0]
  出发时间: 540.0 分钟
  能耗成本: 296.37 元
  碳排放成本: 64.47 元
  时间窗惩罚: 0.00 元

车辆 29 (O1):
  路径: [0, 294, 293, 0]
  出发时间: 320.0 分钟
  能耗成本: 218.55 元
  碳排放成本: 47.55 元
  时间窗惩罚: 0.00 元

车辆 30 (O1):
  路径: [0, 273, 274, 0]
  出发时间: 130.0 分钟
  能耗成本: 262.95 元
  碳排放成本: 57.21 元
  时间窗惩罚: 0.00 元

车辆 31 (O1):
  路径: [0, 306, 342, 166, 0]
  出发时间: 70.0 分钟
  能耗成本: 304.90 元
  碳排放成本: 66.33 元
  时间窗惩罚: 0.00 元

车辆 32 (O1):
  路径: [0, 101, 33, 110, 0]
  出发时间: 145.0 分钟
  能耗成本: 323.25 元
  碳排放成本: 70.32 元
  时间窗惩罚: 45.62 元

车辆 33 (O1):
  路径: [0, 88, 163, 165, 164, 0]
  出发时间: 140.0 分钟
  能耗成本: 222.98 元
  碳排放成本: 48.51 元
  时间窗惩罚: 0.00 元

车辆 34 (O1):
  路径: [0, 198, 200, 0]
  出发时间: 300.0 分钟
  能耗成本: 75.07 元
  碳排放成本: 16.33 元
  时间窗惩罚: 0.00 元

车辆 35 (O1):
  路径: [0, 351, 197, 194, 195, 0]
  出发时间: 455.0 分钟
  能耗成本: 142.94 元
  碳排放成本: 31.10 元
  时间窗惩罚: 0.00 元

车辆 36 (O1):
  路径: [0, 111, 117, 0]
  出发时间: 150.0 分钟
  能耗成本: 154.05 元
  碳排放成本: 33.51 元
  时间窗惩罚: 0.00 元

车辆 37 (O1):
  路径: [0, 121, 155, 154, 0]
  出发时间: 80.0 分钟
  能耗成本: 306.98 元
  碳排放成本: 66.78 元
  时间窗惩罚: 0.95 元

车辆 38 (O1):
  路径: [0, 186, 87, 320, 159, 0]
  出发时间: 95.0 分钟
  能耗成本: 412.58 元
  碳排放成本: 89.76 元
  时间窗惩罚: 38.15 元

车辆 39 (O1):
  路径: [0, 271, 272, 0]
  出发时间: 130.0 分钟
  能耗成本: 262.95 元
  碳排放成本: 57.21 元
  时间窗惩罚: 0.00 元

车辆 40 (O1):
  路径: [0, 143, 144, 0]
  出发时间: 490.0 分钟
  能耗成本: 237.82 元
  碳排放成本: 51.74 元
  时间窗惩罚: 0.00 元

车辆 41 (E1):
  路径: [0, 131, 212, 214, 26, 0]
  出发时间: 375.0 分钟
  能耗成本: 106.60 元
  碳排放成本: 21.17 元
  时间窗惩罚: 10.51 元

车辆 42 (O1):
  路径: [0, 153, 284, 29, 0]
  出发时间: 410.0 分钟
  能耗成本: 308.77 元
  碳排放成本: 67.17 元
  时间窗惩罚: 1.51 元

车辆 43 (O1):
  路径: [0, 162, 160, 161, 0]
  出发时间: 540.0 分钟
  能耗成本: 246.98 元
  碳排放成本: 53.73 元
  时间窗惩罚: 0.00 元

车辆 44 (O1):
  路径: [0, 258, 261, 0]
  出发时间: 85.0 分钟
  能耗成本: 375.23 元
  碳排放成本: 81.63 元
  时间窗惩罚: 0.00 元

车辆 45 (O1):
  路径: [0, 146, 148, 334, 0]
  出发时间: 440.0 分钟
  能耗成本: 337.11 元
  碳排放成本: 73.34 元
  时间窗惩罚: 175.82 元

车辆 46 (O1):
  路径: [0, 76, 213, 239, 0]
  出发时间: 95.0 分钟
  能耗成本: 336.36 元
  碳排放成本: 73.17 元
  时间窗惩罚: 109.62 元

车辆 47 (O1):
  路径: [0, 308, 140, 309, 0]
  出发时间: 540.0 分钟
  能耗成本: 278.82 元
  碳排放成本: 60.66 元
  时间窗惩罚: 20.13 元

车辆 48 (O1):
  路径: [0, 263, 269, 0]
  出发时间: 115.0 分钟
  能耗成本: 84.08 元
  碳排放成本: 18.29 元
  时间窗惩罚: 0.00 元

车辆 49 (O1):
  路径: [0, 297, 292, 0]
  出发时间: 320.0 分钟
  能耗成本: 218.55 元
  碳排放成本: 47.55 元
  时间窗惩罚: 0.00 元

车辆 50 (O1):
  路径: [0, 119, 128, 129, 0]
  出发时间: 150.0 分钟
  能耗成本: 216.93 元
  碳排放成本: 47.19 元
  时间窗惩罚: 0.00 元

车辆 51 (O2):
  路径: [0, 123, 122, 0]
  出发时间: 80.0 分钟
  能耗成本: 184.32 元
  碳排放成本: 40.10 元
  时间窗惩罚: 0.00 元

车辆 52 (O1):
  路径: [0, 330, 331, 329, 0]
  出发时间: 200.0 分钟
  能耗成本: 343.99 元
  碳排放成本: 74.83 元
  时间窗惩罚: 0.00 元

车辆 53 (O1):
  路径: [0, 266, 268, 0]
  出发时间: 115.0 分钟
  能耗成本: 84.08 元
  碳排放成本: 18.29 元
  时间窗惩罚: 0.00 元

车辆 54 (O1):
  路径: [0, 241, 244, 251, 0]
  出发时间: 300.0 分钟
  能耗成本: 347.09 元
  碳排放成本: 75.51 元
  时间窗惩罚: 0.00 元

车辆 55 (O1):
  路径: [0, 282, 278, 0]
  出发时间: 540.0 分钟
  能耗成本: 219.33 元
  碳排放成本: 47.72 元
  时间窗惩罚: 25.99 元

车辆 56 (O1):
  路径: [0, 178, 176, 0]
  出发时间: 540.0 分钟
  能耗成本: 208.06 元
  碳排放成本: 45.26 元
  时间窗惩罚: 0.00 元

车辆 57 (E1):
  路径: [0, 225, 229, 19, 325, 0]
  出发时间: 505.0 分钟
  能耗成本: 146.59 元
  碳排放成本: 29.11 元
  时间窗惩罚: 0.00 元

车辆 58 (O1):
  路径: [0, 280, 323, 0]
  出发时间: 540.0 分钟
  能耗成本: 287.89 元
  碳排放成本: 62.63 元
  时间窗惩罚: 25.99 元

车辆 59 (O1):
  路径: [0, 169, 168, 0]
  出发时间: 65.0 分钟
  能耗成本: 287.51 元
  碳排放成本: 62.55 元
  时间窗惩罚: 0.00 元

车辆 60 (O1):
  路径: [0, 190, 207, 204, 0]
  出发时间: 540.0 分钟
  能耗成本: 290.19 元
  碳排放成本: 63.13 元
  时间窗惩罚: 34.70 元

车辆 61 (O1):
  路径: [0, 125, 124, 0]
  出发时间: 540.0 分钟
  能耗成本: 220.51 元
  碳排放成本: 47.97 元
  时间窗惩罚: 35.56 元

车辆 62 (O1):
  路径: [0, 230, 235, 0]
  出发时间: 540.0 分钟
  能耗成本: 296.37 元
  碳排放成本: 64.47 元
  时间窗惩罚: 0.00 元

车辆 63 (O2):
  路径: [0, 223, 5, 0]
  出发时间: 540.0 分钟
  能耗成本: 203.08 元
  碳排放成本: 44.18 元
  时间窗惩罚: 24.92 元

车辆 64 (O1):
  路径: [0, 30, 108, 105, 0]
  出发时间: 200.0 分钟
  能耗成本: 237.35 元
  碳排放成本: 51.63 元
  时间窗惩罚: 0.00 元

车辆 65 (O1):
  路径: [0, 116, 113, 0]
  出发时间: 150.0 分钟
  能耗成本: 154.05 元
  碳排放成本: 33.51 元
  时间窗惩罚: 0.00 元

车辆 66 (O1):
  路径: [0, 313, 312, 0]
  出发时间: 540.0 分钟
  能耗成本: 228.36 元
  碳排放成本: 49.68 元
  时间窗惩罚: 11.93 元

车辆 67 (O1):
  路径: [0, 295, 291, 0]
  出发时间: 320.0 分钟
  能耗成本: 218.55 元
  碳排放成本: 47.55 元
  时间窗惩罚: 0.00 元

车辆 68 (O1):
  路径: [0, 103, 102, 0]
  出发时间: 150.0 分钟
  能耗成本: 188.69 元
  碳排放成本: 41.05 元
  时间窗惩罚: 0.00 元

车辆 69 (O1):
  路径: [0, 120, 109, 107, 0]
  出发时间: 155.0 分钟
  能耗成本: 245.63 元
  碳排放成本: 53.44 元
  时间窗惩罚: 0.00 元

车辆 70 (O1):
  路径: [0, 302, 316, 303, 0]
  出发时间: 410.0 分钟
  能耗成本: 235.07 元
  碳排放成本: 51.14 元
  时间窗惩罚: 0.00 元

车辆 71 (O1):
  路径: [0, 231, 237, 0]
  出发时间: 540.0 分钟
  能耗成本: 296.37 元
  碳排放成本: 64.47 元
  时间窗惩罚: 0.00 元

车辆 72 (O1):
  路径: [0, 145, 147, 0]
  出发时间: 490.0 分钟
  能耗成本: 237.82 元
  碳排放成本: 51.74 元
  时间窗惩罚: 0.00 元

车辆 73 (O3):
  路径: [0, 201, 0]
  出发时间: 300.0 分钟
  能耗成本: 71.93 元
  碳排放成本: 15.65 元
  时间窗惩罚: 0.00 元

车辆 74 (E2):
  路径: [0, 151, 0]
  出发时间: 410.0 分钟
  能耗成本: 72.05 元
  碳排放成本: 14.31 元
  时间窗惩罚: 0.00 元

车辆 75 (O2):
  路径: [0, 175, 344, 0]
  出发时间: 535.0 分钟
  能耗成本: 228.75 元
  碳排放成本: 49.76 元
  时间窗惩罚: 0.00 元

车辆 76 (O2):
  路径: [0, 350, 0]
  出发时间: 390.0 分钟
  能耗成本: 79.23 元
  碳排放成本: 17.24 元
  时间窗惩罚: 0.00 元

车辆 77 (O3):
  路径: [0, 83, 0]
  出发时间: 340.0 分钟
  能耗成本: 40.08 元
  碳排放成本: 8.72 元
  时间窗惩罚: 0.00 元

车辆 78 (E2):
  路径: [0, 333, 0]
  出发时间: 290.0 分钟
  能耗成本: 85.82 元
  碳排放成本: 17.04 元
  时间窗惩罚: 0.00 元

车辆 79 (E2):
  路径: [0, 336, 0]
  出发时间: 330.0 分钟
  能耗成本: 89.14 元
  碳排放成本: 17.70 元
  时间窗惩罚: 0.00 元

车辆 80 (E2):
  路径: [0, 234, 0]
  出发时间: 515.0 分钟
  能耗成本: 86.08 元
  碳排放成本: 17.09 元
  时间窗惩罚: 0.00 元

车辆 81 (E2):
  路径: [0, 236, 0]
  出发时间: 515.0 分钟
  能耗成本: 86.08 元
  碳排放成本: 17.09 元
  时间窗惩罚: 0.00 元

车辆 82 (O2):
  路径: [0, 328, 327, 0]
  出发时间: 540.0 分钟
  能耗成本: 191.18 元
  碳排放成本: 41.59 元
  时间窗惩罚: 29.31 元

车辆 83 (O3):
  路径: [0, 189, 0]
  出发时间: 540.0 分钟
  能耗成本: 76.30 元
  碳排放成本: 16.60 元
  时间窗惩罚: 32.35 元

车辆 84 (O3):
  路径: [0, 188, 0]
  出发时间: 540.0 分钟
  能耗成本: 76.30 元
  碳排放成本: 16.60 元
  时间窗惩罚: 32.35 元

车辆 85 (O3):
  路径: [0, 267, 0]
  出发时间: 115.0 分钟
  能耗成本: 86.48 元
  碳排放成本: 18.81 元
  时间窗惩罚: 0.00 元

车辆 86 (O3):
  路径: [0, 264, 0]
  出发时间: 115.0 分钟
  能耗成本: 86.48 元
  碳排放成本: 18.81 元
  时间窗惩罚: 0.00 元

车辆 87 (O3):
  路径: [0, 265, 0]
  出发时间: 115.0 分钟
  能耗成本: 86.48 元
  碳排放成本: 18.81 元
  时间窗惩罚: 0.00 元

车辆 88 (O3):
  路径: [0, 270, 0]
  出发时间: 115.0 分钟
  能耗成本: 85.40 元
  碳排放成本: 18.58 元
  时间窗惩罚: 0.00 元

车辆 89 (O2):
  路径: [0, 218, 0]
  出发时间: 540.0 分钟
  能耗成本: 92.95 元
  碳排放成本: 20.22 元
  时间窗惩罚: 12.18 元

车辆 90 (E2):
  路径: [0, 233, 0]
  出发时间: 515.0 分钟
  能耗成本: 86.08 元
  碳排放成本: 17.09 元
  时间窗惩罚: 0.00 元

车辆 91 (O2):
  路径: [0, 16, 305, 0]
  出发时间: 70.0 分钟
  能耗成本: 232.88 元
  碳排放成本: 50.66 元
  时间窗惩罚: 0.00 元

车辆 92 (O2):
  路径: [0, 199, 0]
  出发时间: 300.0 分钟
  能耗成本: 75.07 元
  碳排放成本: 16.33 元
  时间窗惩罚: 0.00 元

车辆 93 (O2):
  路径: [0, 221, 0]
  出发时间: 540.0 分钟
  能耗成本: 92.95 元
  碳排放成本: 20.22 元
  时间窗惩罚: 12.18 元

车辆 94 (E2):
  路径: [0, 259, 0]
  出发时间: 90.0 分钟
  能耗成本: 107.13 元
  碳排放成本: 21.27 元
  时间窗惩罚: 0.00 元

车辆 95 (O2):
  路径: [0, 283, 277, 0]
  出发时间: 540.0 分钟
  能耗成本: 220.36 元
  碳排放成本: 47.94 元
  时间窗惩罚: 25.99 元

车辆 96 (O2):
  路径: [0, 219, 0]
  出发时间: 540.0 分钟
  能耗成本: 92.95 元
  碳排放成本: 20.22 元
  时间窗惩罚: 12.18 元

车辆 97 (O2):
  路径: [0, 222, 0]
  出发时间: 540.0 分钟
  能耗成本: 92.95 元
  碳排放成本: 20.22 元
  时间窗惩罚: 12.18 元

车辆 98 (E2):
  路径: [0, 324, 0]
  出发时间: 540.0 分钟
  能耗成本: 97.41 元
  碳排放成本: 19.34 元
  时间窗惩罚: 19.32 元

车辆 99 (E2):
  路径: [0, 340, 0]
  出发时间: 540.0 分钟
  能耗成本: 94.58 元
  碳排放成本: 18.78 元
  时间窗惩罚: 31.77 元

车辆 100 (E2):
  路径: [0, 202, 0]
  出发时间: 540.0 分钟
  能耗成本: 91.92 元
  碳排放成本: 18.25 元
  时间窗惩罚: 37.51 元

车辆 101 (O3):
  路径: [0, 220, 0]
  出发时间: 540.0 分钟
  能耗成本: 95.61 元
  碳排放成本: 20.80 元
  时间窗惩罚: 12.18 元

车辆 102 (E2):
  路径: [0, 157, 0]
  出发时间: 300.0 分钟
  能耗成本: 126.45 元
  碳排放成本: 25.11 元
  时间窗惩罚: 0.00 元

车辆 103 (E2):
  路径: [0, 224, 0]
  出发时间: 415.0 分钟
  能耗成本: 125.12 元
  碳排放成本: 24.84 元
  时间窗惩罚: 0.00 元

车辆 104 (E2):
  路径: [0, 321, 0]
  出发时间: 50.0 分钟
  能耗成本: 157.00 元
  碳排放成本: 31.17 元
  时间窗惩罚: 0.00 元

车辆 105 (E2):
  路径: [0, 156, 0]
  出发时间: 300.0 分钟
  能耗成本: 126.45 元
  碳排放成本: 25.11 元
  时间窗惩罚: 0.00 元

车辆 106 (E2):
  路径: [0, 158, 0]
  出发时间: 300.0 分钟
  能耗成本: 126.45 元
  碳排放成本: 25.11 元
  时间窗惩罚: 0.00 元

车辆 107 (O2):
  路径: [0, 209, 0]
  出发时间: 540.0 分钟
  能耗成本: 178.91 元
  碳排放成本: 38.92 元
  时间窗惩罚: 0.00 元

车辆 108 (O2):
  路径: [0, 196, 0]
  出发时间: 520.0 分钟
  能耗成本: 161.25 元
  碳排放成本: 35.08 元
  时间窗惩罚: 0.00 元

车辆 109 (O2):
  路径: [0, 193, 0]
  出发时间: 520.0 分钟
  能耗成本: 161.25 元
  碳排放成本: 35.08 元
  时间窗惩罚: 0.00 元

车辆 110 (O2):
  路径: [0, 130, 0]
  出发时间: 380.0 分钟
  能耗成本: 156.92 元
  碳排放成本: 34.14 元
  时间窗惩罚: 0.00 元

车辆 111 (O2):
  路径: [0, 134, 0]
  出发时间: 525.0 分钟
  能耗成本: 151.94 元
  碳排放成本: 33.05 元
  时间窗惩罚: 0.00 元

车辆 112 (O2):
  路径: [0, 135, 0]
  出发时间: 525.0 分钟
  能耗成本: 151.94 元
  碳排放成本: 33.05 元
  时间窗惩罚: 0.00 元

车辆 113 (O2):
  路径: [0, 118, 0]
  出发时间: 155.0 分钟
  能耗成本: 153.87 元
  碳排放成本: 33.47 元
  时间窗惩罚: 0.00 元

车辆 114 (O2):
  路径: [0, 112, 0]
  出发时间: 155.0 分钟
  能耗成本: 153.87 元
  碳排放成本: 33.47 元
  时间窗惩罚: 0.00 元

车辆 115 (O2):
  路径: [0, 248, 0]
  出发时间: 365.0 分钟
  能耗成本: 136.58 元
  碳排放成本: 29.71 元
  时间窗惩罚: 0.09 元

车辆 116 (O2):
  路径: [0, 332, 0]
  出发时间: 280.0 分钟
  能耗成本: 298.44 元
  碳排放成本: 64.93 元
  时间窗惩罚: 0.00 元

车辆 117 (O2):
  路径: [0, 106, 0]
  出发时间: 280.0 分钟
  能耗成本: 281.82 元
  碳排放成本: 61.31 元
  时间窗惩罚: 0.00 元

车辆 118 (O2):
  路径: [0, 307, 0]
  出发时间: 520.0 分钟
  能耗成本: 229.35 元
  碳排放成本: 49.90 元
  时间窗惩罚: 23.17 元

车辆 119 (O2):
  路径: [0, 126, 0]
  出发时间: 520.0 分钟
  能耗成本: 221.21 元
  碳排放成本: 48.12 元
  时间窗惩罚: 39.83 元

车辆 120 (O2):
  路径: [0, 279, 0]
  出发时间: 520.0 分钟
  能耗成本: 220.03 元
  碳排放成本: 47.87 元
  时间窗惩罚: 30.26 元

车辆 121 (O2):
  路径: [0, 296, 0]
  出发时间: 320.0 分钟
  能耗成本: 218.55 元
  碳排放成本: 47.55 元
  时间窗惩罚: 0.00 元

车辆 122 (O2):
  路径: [0, 286, 0]
  出发时间: 480.0 分钟
  能耗成本: 213.81 元
  碳排放成本: 46.51 元
  时间窗惩罚: 0.00 元

车辆 123 (O2):
  路径: [0, 289, 0]
  出发时间: 480.0 分钟
  能耗成本: 213.81 元
  碳排放成本: 46.51 元
  时间窗惩罚: 0.00 元

车辆 124 (O2):
  路径: [0, 288, 0]
  出发时间: 480.0 分钟
  能耗成本: 213.81 元
  碳排放成本: 46.51 元
  时间窗惩罚: 0.00 元

车辆 125 (O2):
  路径: [0, 285, 0]
  出发时间: 480.0 分钟
  能耗成本: 213.81 元
  碳排放成本: 46.51 元
  时间窗惩罚: 0.00 元

车辆 126 (O2):
  路径: [0, 287, 0]
  出发时间: 480.0 分钟
  能耗成本: 213.81 元
  碳排放成本: 46.51 元
  时间窗惩罚: 0.00 元

车辆 127 (O2):
  路径: [0, 210, 0]
  出发时间: 540.0 分钟
  能耗成本: 178.91 元
  碳排放成本: 38.92 元
  时间窗惩罚: 0.00 元

车辆 128 (O2):
  路径: [0, 177, 0]
  出发时间: 520.0 分钟
  能耗成本: 208.75 元
  碳排放成本: 45.41 元
  时间窗惩罚: 0.00 元

车辆 129 (O2):
  路径: [0, 290, 0]
  出发时间: 480.0 分钟
  能耗成本: 212.41 元
  碳排放成本: 46.21 元
  时间窗惩罚: 0.00 元

车辆 130 (O2):
  路径: [0, 191, 0]
  出发时间: 520.0 分钟
  能耗成本: 161.25 元
  碳排放成本: 35.08 元
  时间窗惩罚: 0.00 元

车辆 131 (O2):
  路径: [0, 299, 0]
  出发时间: 480.0 分钟
  能耗成本: 197.02 元
  碳排放成本: 42.86 元
  时间窗惩罚: 0.00 元

车辆 132 (O2):
  路径: [0, 300, 0]
  出发时间: 480.0 分钟
  能耗成本: 197.02 元
  碳排放成本: 42.86 元
  时间窗惩罚: 0.00 元

车辆 133 (O2):
  路径: [0, 180, 0]
  出发时间: 440.0 分钟
  能耗成本: 192.79 元
  碳排放成本: 41.94 元
  时间窗惩罚: 0.00 元

车辆 134 (O2):
  路径: [0, 181, 0]
  出发时间: 440.0 分钟
  能耗成本: 192.79 元
  碳排放成本: 41.94 元
  时间窗惩罚: 0.00 元

车辆 135 (O2):
  路径: [0, 182, 0]
  出发时间: 440.0 分钟
  能耗成本: 192.79 元
  碳排放成本: 41.94 元
  时间窗惩罚: 0.00 元

车辆 136 (O2):
  路径: [0, 326, 0]
  出发时间: 520.0 分钟
  能耗成本: 187.08 元
  碳排放成本: 40.70 元
  时间窗惩罚: 33.58 元

车辆 137 (O2):
  路径: [0, 301, 0]
  出发时间: 500.0 分钟
  能耗成本: 196.32 元
  碳排放成本: 42.71 元
  时间窗惩罚: 0.00 元

车辆 138 (O2):
  路径: [0, 172, 0]
  出发时间: 540.0 分钟
  能耗成本: 173.16 元
  碳排放成本: 37.67 元
  时间窗惩罚: 0.00 元

车辆 139 (O2):
  路径: [0, 174, 0]
  出发时间: 520.0 分钟
  能耗成本: 173.86 元
  碳排放成本: 37.82 元
  时间窗惩罚: 0.00 元

车辆 140 (O2):
  路径: [0, 132, 0]
  出发时间: 540.0 分钟
  能耗成本: 211.32 元
  碳排放成本: 45.97 元
  时间窗惩罚: 0.00 元

车辆 141 (O2):
  路径: [0, 171, 0]
  出发时间: 520.0 分钟
  能耗成本: 173.86 元
  碳排放成本: 37.82 元
  时间窗惩罚: 0.00 元

车辆 142 (O2):
  路径: [0, 173, 0]
  出发时间: 540.0 分钟
  能耗成本: 173.16 元
  碳排放成本: 37.67 元
  时间窗惩罚: 0.00 元

车辆 143 (O2):
  路径: [0, 192, 0]
  出发时间: 520.0 分钟
  能耗成本: 161.25 元
  碳排放成本: 35.08 元
  时间窗惩罚: 0.00 元

车辆 144 (O2):
  路径: [0, 99, 0]
  出发时间: 520.0 分钟
  能耗成本: 157.89 元
  碳排放成本: 34.35 元
  时间窗惩罚: 41.27 元

--------------------------------------------------------------------------------
【成本汇总】
总配送成本: 93692.01 元
其中启动成本: 57600.00 元
其中能耗成本: 28521.49 元
其中碳排成本: 6151.66 元
其中时间惩罚: 1418.86 元

【车型使用与上限】
O1: used=60, cap=60
O2: used=50, cap=50
O3: used=9, cap=50
E1: used=10, cap=10
E2: used=15, cap=15
